$ANSIBLE_VAULT;1.2;AES256;ansible-vault
62313738356362646438383231333061363530353230383963323432303163663539663961653034
6138303366326139393239636237663338316530343630340a393936353836363132383162383161
30623666326536636537653233633934323935366566643233666138366237613231326634373735
3965363433326633620a353365623462343530353339623964396331666537623565646438613332
35363465363436653433346232623966643664666438333961356332613765326232666631653962
32353834326361323035376234643538356361343962353661656435623633396437346332353232
63393833366139306563393133623030383163323139346563376166316364636331376232376166
30326439623133623333346437343930333933646430303838613561613966393366656663636131
66303931336365316634343238663732343336623636326637326536343630643234663133393239
33623466616230373439663064386538653936313036336631356163323262376335633437306333
66336632643835323130373866316430303835346566316135383734396165393030386463343762
30613866613761313230626466393261373663323330313163316338656638656639363538373637
31653539633463653863626638373665376435313837653531313235333131636431303635633431
63623063313936633363393961376531653361363663303965306562393031396466393430303530
64363536633163363865636263616138316539626236313061326461326139396632623537653761
36383437366466343435353762656130373531633832383864323339613130393136373532326362
66306631616563646638373061643762343634383362333138636431316163333430646233343563
34636330666263303039656236333631313239336535643136336562363432313663666264653736
36623338353862383838666263663863336166343563303838356439316465613739346530633163
37633832633366396235313237656462623762653131613963313535363534666139323831313262
32646361323066633864363961353231323935623866376161346335326335616161353062643736
65613362393336323239386634663231653536626162623331623564333539366135663633623139
37623634646330396664653963643935303265373133303835363662353234393762333839366236
33313766313134306532
